6
1
0 10 A B 300 0 0 1 0.01 0

7
1
0 10 A B 450 0 0 1 0.01 0

8
1
0 10 A B 600 0 0 1 0.01 0

11
3
0 10 A E 100 10 0 0.5 0 0.05
0 10 B A 400 10 0 1 0 0.025
0 10 A E 700 10 0 0.5 0 0.05

15
1
0 15 B C 0 100 150 0 60

16
1
0 15 B C 800 100 -150 0 60

17
1
0 15 B C 0 200 150 0 60

18
1
0 15 B C 800 200 -150 0 60

19
1
0 15 B C 0 300 150 0 60

20
1
0 15 B C 800 300 -150 0 60

21
1
0 10 E A 400 0 0 1.5 0 0.15

25
2
0 15 C B 2 400 0.5 0 0.01 0.01
0 15 C B 798 400 -0.5 0 -0.01 0.01

30
2
0 15 A A 1 1 1 1 0 0
0 15 A A 799 1 -1 1 0 0

31
1
0 25 D C 400 1 0 200 60

36
2
0 25 D C 200 799 0 -400 90
0 25 D C 600 799 0 -400 90

42
3
0 25 B E 5 795 2 -2.5 0 0
0 25 B E 795 795 -2 -2.5 0 0
0 35 D A 400 795 0 -1.5 0 0

46
1
0 35 B B 100 0 0 1.2 0.01 0

47
1
0 35 B B 700 0 0 1.2 0.01 0

48
1
0 35 B B 200 0 0 1.2 0.01 0

49
1
0 35 B B 600 0 0 1.2 0.01 0

50
1
0 45 C B 400 0 0 0.8 0.01 0

55
1
0 25 B A 150 0 0 2 0 0

56
1
0 25 B A 150 0 0 2 0 0

57
1
0 25 B A 150 0 0 2 0 0

58
1
0 25 B A 150 0 0 2 0 0

59
2
0 40 B A 150 0 0 2 0 0
0 40 B A 650 0 0 2 0 0

60
2
0 40 B A 150 0 0 2 0 0
0 40 B A 650 0 0 2 0 0

61
2
0 40 B A 150 0 0 2 0 0
0 40 B A 650 0 0 2 0 0

62
1
0 50 B A 650 0 0 2 0 0

63
1
0 50 B A 650 0 0 2 0 0

64
1
0 50 B A 650 0 0 2 0 0

65
1
0 50 B A 650 0 0 2 0 0

70
1
0 50 B C 0 100 150 0 60

71
1
0 50 B C 800 100 -150 0 60

72
1
0 50 B C 0 200 150 0 60

73
1
0 50 B C 800 200 -150 0 60

74
1
0 50 B C 0 300 150 0 60

75
1
0 50 B C 800 300 -150 0 60

81
3
0 40 C E 100 10 0 0.5 0 0.05
0 70 D B 400 10 0 1 0 0.025
0 40 C E 700 10 0 0.5 0 0.05

90
7
0 85 C A 100 1 0 0.7 0 0
0 85 C A 200 1 0 0.7 0 0
0 85 B A 300 1 0 0.6 0 0
0 85 D A 400 1 0 0.5 0 0
0 85 B A 500 1 0 0.6 0 0
0 85 C A 600 1 0 0.7 0 0
0 85 C A 700 1 0 0.7 0 0